cb <- c(Orange = "#E69F00", 
		  Blue = "#56B4E9",
		 Green = "#009E73",
		Yellow = "#F0E442",
	  Darkblue = "#0072B2",
	Darkorange = "#D55E00", 
		  Pink = "#CC79A7", 
		  Grey = "#999999")
